excec memoryUsed freeBlocks rounds avgsize
1.0 65264 1 2 65264
1.0 65192 1 3 65192
1.0 65120 1 4 65120
1.0 65056 1 5 65056
1.0 64968 1 6 64968
1.0 64888 1 7 64888
1.0 64792 1 8 64792
1.0 64624 1 9 64624
1.0 64560 1 10 64560
1.0 64424 1 11 64424
1.0 64320 1 12 64320
1.0 64216 1 13 64216
2.0 64216 1 14 64216
1.0 64144 1 15 64144
1.0 64080 1 16 64080
0.0 64016 1 17 64016
1.0 63864 1 18 63864
1.0 63800 1 19 63800
1.0 63736 1 20 63736
1.0 63568 1 21 63568
1.0 63456 1 22 63456
1.0 63264 1 23 63264
1.0 63200 1 24 63200
1.0 63136 1 25 63136
1.0 63168 2 26 31584
1.0 63088 2 27 31544
0.0 63024 2 28 31512
0.0 63024 2 29 31512
0.0 62952 2 30 31476
0.0 62888 2 31 31444
1.0 62888 3 32 20963
1.0 62824 3 33 20941
1.0 62824 3 34 20941
1.0 62656 3 35 20885
0.0 62592 3 36 20864
0.0 62480 3 37 20827
0.0 62416 3 38 20805
1.0 62416 3 39 20805
1.0 62336 3 40 20779
1.0 62192 3 41 20731
1.0 62032 3 42 20677
1.0 61920 3 43 20640
1.0 61808 3 44 20603
1.0 61664 3 45 20555
1.0 61712 4 46 15428
2.0 61600 4 47 15400
1.0 61424 4 48 15356
1.0 61304 4 49 15326
1.0 61240 4 50 15310
1.0 61152 4 51 15288
1.0 61264 5 52 12253
1.0 61152 4 53 15288
1.0 61032 4 54 15258
0.0 61072 5 55 12214
0.0 60888 5 56 12178
1.0 60824 5 57 12165
1.0 60800 6 58 10133
1.0 60656 6 59 10109
1.0 60560 6 60 10093
1.0 60496 6 61 10083
0.0 60416 6 62 10069
0.0 60328 6 63 10055
1.0 60320 7 64 8617
1.0 60208 7 65 8601
1.0 60200 8 66 7525
1.0 60120 9 67 6680
0.0 59984 9 68 6665
1.0 59920 9 69 6658
1.0 60008 10 70 6001
1.0 59920 9 71 6658
1.0 59920 9 72 6658
0.0 59912 10 73 5991
1.0 59792 10 74 5979
1.0 59688 10 75 5969
1.0 59640 11 76 5422
1.0 59568 11 77 5415
0.0 59496 11 78 5409
0.0 59344 11 79 5395
0.0 59152 11 80 5377
1.0 59152 12 81 4929
1.0 59152 13 82 4550
0.0 59104 14 83 4222
1.0 59080 15 84 3939
1.0 59080 16 85 3692
0.0 59008 17 86 3471
1.0 58840 17 87 3461
1.0 58744 18 88 3264
2.0 58640 18 89 3258
0.0 58640 19 90 3086
1.0 58464 19 91 3077
1.0 58464 19 92 3077
0.0 58320 19 93 3069
1.0 58368 20 94 2918
1.0 58192 20 95 2910
0.0 58192 21 96 2771
1.0 58088 21 97 2766
1.0 58000 22 98 2636
1.0 58000 22 99 2636
1.0 57896 22 100 2632
1.0 57936 23 101 2519
1.0 57936 23 102 2519
1.0 57936 24 103 2414
1.0 57864 25 104 2315
1.0 57680 25 105 2307
1.0 57608 26 106 2216
1.0 57544 26 107 2213
0.0 57544 26 108 2213
1.0 57472 26 109 2210
1.0 57472 26 110 2210
0.0 57464 27 111 2128
1.0 57464 28 112 2052
0.0 57496 29 113 1983
1.0 57416 29 114 1980
1.0 57488 30 115 1916
1.0 57480 31 116 1854
1.0 57416 31 117 1852
1.0 57344 31 118 1850
1.0 57208 32 119 1788
1.0 57128 33 120 1731
1.0 57048 33 121 1729
1.0 56976 33 122 1727
1.0 56856 34 123 1672
1.0 56904 35 124 1626
0.0 56960 36 125 1582
1.0 57096 37 126 1543
1.0 57064 38 127 1502
1.0 56952 39 128 1460
0.0 56984 40 129 1425
1.0 56912 41 130 1388
1.0 56912 42 131 1355
1.0 57016 43 132 1326
1.0 56952 44 133 1294
0.0 56952 44 134 1294
1.0 56888 44 135 1293
1.0 56824 44 136 1291
1.0 56760 44 137 1290
1.0 56832 45 138 1263
1.0 56864 46 139 1236
1.0 56728 46 140 1233
1.0 56680 47 141 1206
1.0 56680 47 142 1206
1.0 56528 47 143 1203
1.0 56464 47 144 1201
3.0 56360 48 145 1174
1.0 56360 48 146 1174
1.0 56440 49 147 1152
1.0 56376 50 148 1128
1.0 56264 51 149 1103
1.0 56264 52 150 1082
1.0 56208 53 151 1061
1.0 56280 54 152 1042
1.0 56328 55 153 1024
0.0 56288 56 154 1005
0.0 56224 56 155 1004
0.0 56224 56 156 1004
1.0 56072 56 157 1001
1.0 56112 57 158 984
1.0 56056 58 159 966
1.0 56032 59 160 950
0.0 55960 59 161 948
1.0 55952 60 162 933
1.0 55952 60 163 933
1.0 55952 61 164 917
1.0 55992 62 165 903
1.0 55992 62 166 903
1.0 56056 63 167 890
2.0 56056 63 168 890
1.0 56056 63 169 890
1.0 55992 63 170 889
1.0 55896 64 171 873
0.0 55896 65 172 860
1.0 55896 65 173 860
0.0 55712 65 174 857
0.0 55568 65 175 855
1.0 55496 66 176 841
1.0 55432 66 177 840
0.0 55504 67 178 828
0.0 55552 68 179 817
1.0 55624 69 180 806
1.0 55624 70 181 795
1.0 55528 71 182 782
0.0 55440 71 183 781
0.0 55392 72 184 769
0.0 55432 73 185 759
1.0 55352 73 186 758
1.0 55296 74 187 747
1.0 55360 75 188 738
1.0 55288 76 189 727
1.0 55376 77 190 719
1.0 55432 78 191 711
1.0 55400 79 192 701
1.0 55224 79 193 699
1.0 55120 80 194 689
1.0 55032 81 195 679
1.0 54984 82 196 671
1.0 54984 82 197 671
5.0 54968 83 198 662
2.0 54968 83 199 662
1.0 54952 84 200 654
2.0 55064 85 201 648
1.0 55016 86 202 640
1.0 54816 86 203 637
1.0 54816 86 204 637
1.0 54752 86 205 637
1.0 54712 87 206 629
1.0 54704 88 207 622
1.0 54752 89 208 615
1.0 54720 90 209 608
0.0 54752 91 210 602
1.0 54680 91 211 601
1.0 54608 91 212 600
1.0 54688 92 213 594
1.0 54672 92 214 594
1.0 54592 92 215 593
1.0 54488 92 216 592
1.0 54488 93 217 586
1.0 54448 94 218 579
0.0 54448 95 219 573
1.0 54328 95 220 572
1.0 54328 96 221 566
1.0 54256 97 222 559
0.0 54192 97 223 559
1.0 54000 97 224 557
1.0 54000 97 225 557
0.0 53920 98 226 550
1.0 53920 98 227 550
1.0 53896 99 228 544
0.0 53816 99 229 544
1.0 53752 100 230 538
1.0 53704 101 231 532
0.0 53768 102 232 527
1.0 53704 102 233 527
0.0 53608 102 234 526
1.0 53640 103 235 521
1.0 53632 104 236 516
1.0 53480 104 237 514
1.0 53440 105 238 509
0.0 53472 106 239 504
1.0 53472 107 240 500
1.0 53528 108 241 496
1.0 53432 108 242 495
1.0 53408 109 243 490
1.0 53344 110 244 485
1.0 53304 111 245 480
1.0 53288 112 246 476
1.0 53192 113 247 471
1.0 53192 113 248 471
3.0 53128 113 249 470
1.0 53200 114 250 467
0.0 53112 115 251 462
1.0 53112 116 252 458
1.0 53072 117 253 454
0.0 53072 117 254 454
1.0 53128 118 255 450
1.0 53216 119 256 447
1.0 53216 119 257 447
1.0 53136 120 258 443
0.0 53040 120 259 442
1.0 53016 121 260 438
1.0 52920 122 261 434
0.0 52920 122 262 434
1.0 52856 122 263 433
1.0 52856 123 264 430
0.0 52768 123 265 429
1.0 52728 124 266 425
1.0 52600 125 267 421
1.0 52672 126 268 418
0.0 52592 126 269 417
1.0 52408 126 270 416
1.0 52288 126 271 415
0.0 52272 127 272 412
1.0 52104 127 273 410
1.0 52104 127 274 410
1.0 52056 128 275 407
0.0 51904 128 276 406
1.0 51800 128 277 405
1.0 51736 129 278 401
1.0 51672 129 279 401
1.0 51560 129 280 400
1.0 51592 130 281 397
0.0 51408 130 282 395
0.0 51480 131 283 393
0.0 51480 131 284 393
1.0 51472 132 285 390
1.0 51560 133 286 388
1.0 51672 134 287 386
1.0 51608 134 288 385
1.0 51520 133 289 387
1.0 51352 133 290 386
1.0 51352 133 291 386
1.0 51352 133 292 386
1.0 51392 134 293 384
0.0 51392 135 294 381
1.0 51328 136 295 377
1.0 51240 137 296 374
1.0 51320 138 297 372
0.0 51408 139 298 370
1.0 51376 140 299 367
0.0 51376 140 300 367
0.0 51480 141 301 365
0.0 51480 141 302 365
0.0 51480 142 303 363
1.0 51520 143 304 360
7.0 51488 144 305 358
1.0 51528 145 306 355
0.0 51528 145 307 355
0.0 51464 145 308 355
1.0 51272 145 309 354
1.0 51384 146 310 352
1.0 51336 147 311 349
1.0 51320 148 312 347
1.0 51248 149 313 344
1.0 51344 150 314 342
2.0 51424 151 315 341
1.0 51416 151 316 341
1.0 51320 150 317 342
2.0 51320 150 318 342
2.0 51424 151 319 341
1.0 51320 152 320 338
1.0 51360 153 321 336
1.0 51224 153 322 335
1.0 51216 154 323 333
1.0 51128 154 324 332
0.0 51128 155 325 330
1.0 51192 156 326 328
1.0 51264 157 327 327
1.0 51384 158 328 325
1.0 51328 159 329 323
1.0 51256 160 330 320
1.0 51288 161 331 319
1.0 51288 161 332 319
2.0 51248 162 333 316
0.0 51248 162 334 316
1.0 51216 163 335 314
1.0 51256 164 336 313
0.0 51256 165 337 311
1.0 51296 166 338 309
0.0 51368 167 339 308
1.0 51448 168 340 306
1.0 51384 169 341 304
1.0 51384 169 342 304
1.0 51376 170 343 302
1.0 51272 171 344 300
1.0 51304 172 345 298
1.0 51304 172 346 298
1.0 51304 172 347 298
1.0 51384 173 348 297
1.0 51344 174 349 295
1.0 51344 175 350 293
1.0 51344 176 351 292
1.0 51344 176 352 292
1.0 51344 177 353 290
1.0 51392 178 354 289
1.0 51472 179 355 288
1.0 51472 180 356 286
1.0 51464 181 357 284
1.0 51384 181 358 284
1.0 51464 182 359 283
0.0 51504 183 360 281
1.0 51488 183 361 281
1.0 51456 184 362 280
1.0 51568 185 363 279
1.0 51568 186 364 277
1.0 51504 186 365 277
1.0 51504 186 366 277
1.0 51504 186 367 277
1.0 51408 187 368 275
1.0 51504 188 369 274
1.0 51544 189 370 273
1.0 51480 190 371 271
0.0 51432 191 372 269
1.0 51408 192 373 268
1.0 51408 192 374 268
1.0 51504 193 375 267
1.0 51392 193 376 266
3.0 51320 194 377 265
1.0 51416 195 378 264
1.0 51256 195 379 263
1.0 51288 196 380 262
2.0 51256 197 381 260
1.0 51208 198 382 259
2.0 51136 199 383 257
1.0 51032 200 384 255
1.0 50984 201 385 254
1.0 51032 202 386 253
1.0 51032 202 387 253
1.0 51088 203 388 252
1.0 51136 204 389 251
1.0 51120 205 390 249
1.0 51120 205 391 249
2.0 51096 206 392 248
1.0 51136 207 393 247
1.0 51256 208 394 246
1.0 51248 209 395 245
1.0 51248 209 396 245
1.0 51248 210 397 244
1.0 51248 210 398 244
0.0 51112 210 399 243
0.0 51112 210 400 243
1.0 51192 211 401 243
1.0 51064 212 402 241
1.0 51064 212 403 241
1.0 51112 213 404 240
1.0 51168 214 405 239
1.0 51096 215 406 238
1.0 51000 215 407 237
1.0 50968 216 408 236
0.0 50968 217 409 235
0.0 51032 218 410 234
0.0 51032 218 411 234
0.0 51128 219 412 233
1.0 51048 220 413 232
1.0 50984 221 414 231
1.0 50912 221 415 230
1.0 50848 221 416 230
1.0 50888 222 417 229
1.0 50872 223 418 228
1.0 50872 223 419 228
1.0 50760 224 420 227
0.0 50808 225 421 226
0.0 50784 226 422 225
1.0 50880 227 423 224
1.0 50880 227 424 224
1.0 50880 228 425 223
1.0 50848 229 426 222
1.0 50768 230 427 221
1.0 50760 231 428 220
1.0 50792 232 429 219
0.0 50792 232 430 219
0.0 50776 233 431 218
1.0 50744 234 432 217
1.0 50744 234 433 217
1.0 50792 235 434 216
0.0 50792 236 435 215
1.0 50840 237 436 215
1.0 50840 237 437 215
1.0 50880 238 438 214
1.0 50968 239 439 213
0.0 50896 240 440 212
1.0 50944 241 441 211
1.0 50944 242 442 211
1.0 51032 243 443 210
0.0 51112 244 444 209
1.0 51184 245 445 209
1.0 51312 246 446 209
0.0 51360 247 447 208
1.0 51344 247 448 208
0.0 51416 248 449 207
1.0 51528 249 450 207
1.0 51432 250 451 206
1.0 51360 251 452 205
4.0 51312 252 453 204
1.0 51312 252 454 204
1.0 51224 252 455 203
0.0 51176 253 456 202
1.0 51136 254 457 201
1.0 51136 255 458 201
1.0 51040 256 459 199
1.0 51112 257 460 199
0.0 51104 258 461 198
1.0 51088 259 462 197
0.0 51160 260 463 197
1.0 51248 261 464 196
1.0 51168 262 465 195
0.0 51232 263 466 195
1.0 51216 264 467 194
1.0 51216 265 468 193
0.0 51184 266 469 192
1.0 51184 266 470 192
1.0 51320 267 471 192
0.0 51320 267 472 192
1.0 51368 268 473 192
1.0 51400 269 474 191
0.0 51288 270 475 190
1.0 51248 271 476 189
1.0 51200 272 477 188
1.0 51120 273 478 187
0.0 51120 273 479 187
1.0 51120 273 480 187
1.0 51232 274 481 187
1.0 51304 275 482 187
0.0 51296 275 483 187
1.0 51296 275 484 187
1.0 51296 275 485 187
1.0 51344 276 486 186
0.0 51392 277 487 186
0.0 51392 277 488 186
1.0 51392 277 489 186
1.0 51296 278 490 185
1.0 51416 279 491 184
1.0 51528 280 492 184
1.0 51472 281 493 183
0.0 51592 282 494 183
0.0 51528 282 495 183
1.0 51464 283 496 182
1.0 51464 283 497 182
1.0 51496 284 498 181
1.0 51432 285 499 180
1.0 51472 286 500 180
1.0 51472 286 501 180
1.0 51360 287 502 179
1.0 51344 288 503 178
1.0 51392 289 504 178
1.0 51392 290 505 177
1.0 51424 291 506 177
1.0 51424 291 507 177
1.0 51360 292 508 176
1.0 51336 293 509 175
1.0 51384 294 510 175
0.0 51520 295 511 175
0.0 51560 296 512 174
0.0 51560 296 513 174
1.0 51600 297 514 174
1.0 51600 297 515 174
1.0 51688 298 516 173
1.0 51736 299 517 173
1.0 51816 300 518 173
1.0 51752 300 519 173
1.0 51696 301 520 172
1.0 51728 302 521 171
1.0 51720 303 522 171
0.0 51816 304 523 170
1.0 51808 305 524 170
1.0 51776 306 525 169
1.0 51832 307 526 169
1.0 51832 307 527 169
1.0 51928 308 528 169
0.0 51928 308 529 169
0.0 51856 309 530 168
1.0 51960 310 531 168
0.0 51960 310 532 168
1.0 51960 310 533 168
1.0 51920 310 534 167
0.0 51984 311 535 167
1.0 51928 312 536 166
1.0 51928 312 537 166
1.0 51928 312 538 166
1.0 51848 312 539 166
3.0 51696 312 540 166
1.0 51744 313 541 165
0.0 51800 314 542 165
1.0 51760 315 543 164
1.0 51656 316 544 163
1.0 51600 317 545 163
1.0 51640 318 546 162
0.0 51640 318 547 162
1.0 51640 319 548 162
1.0 51712 320 549 162
1.0 51672 321 550 161
1.0 51600 321 551 161
1.0 51568 322 552 160
1.0 51528 323 553 160
2.0 51528 323 554 160
1.0 51504 324 555 159
1.0 51504 325 556 158
0.0 51592 326 557 158
2.0 51592 326 558 158
0.0 51560 327 559 158
1.0 51496 328 560 157
1.0 51472 329 561 156
0.0 51472 329 562 156
0.0 51448 330 563 156
0.0 51528 331 564 156
1.0 51528 331 565 156
1.0 51528 331 566 156
1.0 51584 332 567 155
1.0 51568 332 568 155
1.0 51680 333 569 155
1.0 51568 332 570 155
1.0 51560 333 571 155
1.0 51560 334 572 154
1.0 51512 335 573 154
1.0 51512 336 574 153
0.0 51512 336 575 153
1.0 51480 337 576 153
1.0 51480 337 577 153
1.0 51536 338 578 152
1.0 51584 339 579 152
1.0 51672 340 580 152
2.0 51672 340 581 152
1.0 51712 341 582 152
1.0 51752 342 583 151
1.0 51784 343 584 151
1.0 51744 344 585 150
1.0 51744 344 586 150
2.0 51744 345 587 150
1.0 51744 345 588 150
1.0 51656 346 589 149
1.0 51688 347 590 149
1.0 51656 348 591 148
1.0 51632 349 592 148
1.0 51632 350 593 148
1.0 51632 350 594 148
1.0 51696 351 595 147
1.0 51752 352 596 147
1.0 51720 353 597 147
1.0 51656 354 598 146
1.0 51616 355 599 145
1.0 51752 356 600 145
1.0 51752 356 601 145
1.0 51752 356 602 145
1.0 51752 356 603 145
2.0 51680 357 604 145
1.0 51712 358 605 144
1.0 51656 359 606 144
1.0 51728 360 607 144
1.0 51712 361 608 143
1.0 51608 362 609 143
1.0 51656 363 610 142
1.0 51656 363 611 142
1.0 51656 363 612 142
2.0 51656 363 613 142
1.0 51656 364 614 142
1.0 51656 364 615 142
1.0 51736 365 616 142
1.0 51640 366 617 141
1.0 51640 366 618 141
0.0 51704 367 619 141
1.0 51704 367 620 141
1.0 51784 368 621 141
4.0 51720 369 622 140
1.0 51720 369 623 140
0.0 51824 370 624 140
1.0 51856 371 625 140
1.0 51848 372 626 139
1.0 51824 373 627 139
1.0 51800 374 628 139
1.0 51800 375 629 138
1.0 51744 376 630 138
0.0 51744 377 631 137
1.0 51744 377 632 137
0.0 51744 378 633 137
1.0 51656 379 634 136
0.0 51656 379 635 136
1.0 51776 380 636 136
0.0 51672 381 637 136
1.0 51608 382 638 135
1.0 51648 383 639 135
0.0 51592 384 640 134
1.0 51632 385 641 134
1.0 51520 386 642 133
1.0 51560 387 643 133
1.0 51616 388 644 133
1.0 51616 388 645 133
1.0 51704 389 646 133
1.0 51704 389 647 133
0.0 51816 390 648 133
1.0 51880 391 649 133
1.0 51824 392 650 132
1.0 51696 393 651 132
0.0 51632 394 652 131
1.0 51616 395 653 131
1.0 51616 395 654 131
0.0 51616 395 655 131
1.0 51696 396 656 131
1.0 51696 396 657 131
0.0 51752 397 658 130
1.0 51720 398 659 130
2.0 51720 399 660 130
1.0 51704 400 661 129
1.0 51704 400 662 129
1.0 51704 400 663 129
1.0 51608 401 664 129
1.0 51584 402 665 128
1.0 51488 403 666 128
1.0 51432 404 667 127
1.0 51352 405 668 127
1.0 51240 406 669 126
1.0 51240 406 670 126
1.0 51240 406 671 126
1.0 51240 406 672 126
1.0 51320 407 673 126
1.0 51304 408 674 126
1.0 51360 409 675 126
1.0 51288 410 676 125
1.0 51328 411 677 125
0.0 51328 412 678 125
0.0 51360 413 679 124
1.0 51416 414 680 124
1.0 51528 415 681 124
1.0 51480 415 682 124
0.0 51480 415 683 124
1.0 51464 416 684 124
1.0 51568 417 685 124
1.0 51648 418 686 124
0.0 51632 418 687 124
1.0 51608 418 688 123
1.0 51600 419 689 123
0.0 51600 419 690 123
1.0 51520 420 691 123
1.0 51520 421 692 122
0.0 51560 422 693 122
1.0 51560 422 694 122
0.0 51560 422 695 122
3.0 51424 423 696 122
1.0 51424 424 697 121
1.0 51464 425 698 121
1.0 51440 426 699 121
1.0 51352 427 700 120
1.0 51448 428 701 120
1.0 51448 428 702 120
1.0 51384 429 703 120
0.0 51376 430 704 119
1.0 51416 431 705 119
1.0 51416 431 706 119
1.0 51408 432 707 119
1.0 51368 433 708 119
1.0 51368 434 709 118
0.0 51440 435 710 118
1.0 51416 436 711 118
1.0 51416 436 712 118
1.0 51400 437 713 118
1.0 51368 438 714 117
0.0 51424 439 715 117
0.0 51464 440 716 117
0.0 51432 441 717 117
1.0 51432 442 718 116
1.0 51432 443 719 116
1.0 51544 444 720 116
1.0 51472 445 721 116
0.0 51376 446 722 115
1.0 51320 447 723 115
1.0 51200 447 724 115
1.0 51200 447 725 115
1.0 51248 448 726 114
1.0 51248 448 727 114
1.0 51240 449 728 114
1.0 51200 450 729 114
0.0 51200 450 730 114
1.0 51192 451 731 114
0.0 51192 452 732 113
1.0 51288 453 733 113
1.0 51256 453 734 113
1.0 51256 453 735 113
1.0 51248 454 736 113
1.0 51248 454 737 113
2.0 51128 455 738 112
1.0 51128 455 739 112
1.0 51256 456 740 112
1.0 51256 456 741 112
1.0 51256 456 742 112
1.0 51176 457 743 112
1.0 51104 458 744 112
1.0 51104 458 745 112
1.0 51064 459 746 111
1.0 51056 460 747 111
1.0 51040 461 748 111
1.0 51104 462 749 111
1.0 51064 463 750 110
1.0 51064 463 751 110
1.0 51032 464 752 110
1.0 51032 464 753 110
1.0 51080 465 754 110
1.0 51040 466 755 110
1.0 51040 466 756 110
1.0 51040 467 757 109
3.0 50944 468 758 109
0.0 50944 468 759 109
1.0 50944 468 760 109
1.0 50832 469 761 108
1.0 50832 469 762 108
1.0 50824 470 763 108
1.0 50896 471 764 108
1.0 50896 471 765 108
1.0 50800 472 766 108
1.0 50800 473 767 107
1.0 50800 474 768 107
1.0 50792 475 769 107
1.0 50792 475 770 107
0.0 50792 475 771 107
0.0 50888 476 772 107
1.0 50880 477 773 107
1.0 50928 478 774 107
0.0 50928 478 775 107
1.0 50992 479 776 106
1.0 50928 479 777 106
1.0 50928 479 778 106
1.0 50896 480 779 106
1.0 50896 480 780 106
1.0 50896 480 781 106
1.0 50896 480 782 106
1.0 50848 481 783 106
1.0 50904 482 784 106
1.0 50904 482 785 106
0.0 50944 483 786 105
1.0 50944 483 787 105
1.0 50896 484 788 105
1.0 50872 485 789 105
1.0 50856 486 790 105
1.0 50768 487 791 104
1.0 50768 487 792 104
1.0 50768 487 793 104
1.0 50800 488 794 104
0.0 50768 489 795 104
1.0 50768 489 796 104
1.0 50768 490 797 104
0.0 50768 490 798 104
1.0 50736 491 799 103
1.0 50768 492 800 103
1.0 50656 492 801 103
1.0 50576 493 802 103
1.0 50648 494 803 103
1.0 50624 495 804 102
1.0 50600 496 805 102
1.0 50560 497 806 102
1.0 50552 498 807 102
1.0 50552 498 808 102
1.0 50616 499 809 101
1.0 50672 500 810 101
1.0 50704 501 811 101
1.0 50704 501 812 101
0.0 50760 502 813 101
1.0 50760 502 814 101
1.0 50816 503 815 101
2.0 50744 504 816 101
1.0 50856 505 817 101
0.0 50824 505 818 101
1.0 50824 505 819 101
1.0 50784 506 820 100
1.0 50784 507 821 100
1.0 50768 508 822 100
1.0 50840 509 823 100
1.0 50920 510 824 100
1.0 50904 511 825 100
1.0 50976 512 826 100
1.0 51008 513 827 99
1.0 50968 514 828 99
0.0 51000 515 829 99
1.0 50984 516 830 99
0.0 51056 517 831 99
1.0 51096 518 832 99
1.0 51096 518 833 99
1.0 51096 518 834 99
0.0 51096 518 835 99
1.0 51008 519 836 98
1.0 50984 520 837 98
1.0 50984 521 838 98
0.0 50984 521 839 98
1.0 50928 522 840 98
1.0 50864 523 841 97
5.0 50800 524 842 97
0.0 50840 525 843 97
0.0 50840 525 844 97
1.0 50840 525 845 97
1.0 50808 526 846 97
1.0 50808 526 847 97
1.0 50776 527 848 96
1.0 50816 528 849 96
1.0 50760 529 850 96
1.0 50840 530 851 96
1.0 50792 531 852 96
1.0 50888 532 853 96
0.0 50856 532 854 96
1.0 50856 533 855 95
1.0 50856 533 856 95
2.0 50840 534 857 95
1.0 50800 535 858 95
1.0 50784 536 859 95
1.0 50784 536 860 95
1.0 50712 537 861 94
1.0 50712 537 862 94
1.0 50672 538 863 94
0.0 50672 538 864 94
1.0 50672 539 865 94
1.0 50672 540 866 94
1.0 50672 540 867 94
1.0 50640 541 868 94
2.0 50704 542 869 94
2.0 50672 543 870 93
1.0 50784 544 871 93
1.0 50784 545 872 93
2.0 50784 546 873 93
1.0 50720 547 874 93
1.0 50704 548 875 93
1.0 50696 549 876 92
1.0 50696 550 877 92
2.0 50736 551 878 92
1.0 50736 551 879 92
1.0 50736 551 880 92
1.0 50688 552 881 92
1.0 50688 552 882 92
1.0 50632 553 883 92
1.0 50632 553 884 92
2.0 50576 554 885 91
1.0 50504 555 886 91
2.0 50608 556 887 91
1.0 50656 557 888 91
1.0 50616 557 889 91
1.0 50528 558 890 91
1.0 50416 559 891 90
1.0 50416 559 892 90
1.0 50456 560 893 90
1.0 50448 561 894 90
1.0 50496 562 895 90
1.0 50392 563 896 90
0.0 50392 563 897 90
0.0 50328 564 898 89
1.0 50368 565 899 89
1.0 50328 566 900 89
1.0 50360 567 901 89
1.0 50360 567 902 89
1.0 50408 568 903 89
0.0 50392 569 904 89
5.0 50384 570 905 88
0.0 50312 571 906 88
1.0 50232 572 907 88
0.0 50232 572 908 88
1.0 50208 573 909 88
1.0 50208 573 910 88
1.0 50208 574 911 87
1.0 50296 575 912 87
1.0 50296 575 913 87
1.0 50296 575 914 87
1.0 50296 575 915 87
1.0 50384 576 916 87
1.0 50312 577 917 87
1.0 50240 578 918 87
1.0 50096 578 919 87
1.0 50096 578 920 87
2.0 49984 579 921 86
4.0 49976 580 922 86
2.0 49872 581 923 86
3.0 49824 582 924 86
4.0 49824 583 925 85
1.0 49888 584 926 85
2.0 49880 585 927 85
2.0 49880 585 928 85
4.0 49808 586 929 85
2.0 49800 587 930 85
1.0 49848 588 931 85
2.0 49848 588 932 85
2.0 49840 589 933 85
2.0 49832 590 934 84
1.0 49928 591 935 84
1.0 49928 591 936 84
2.0 49928 592 937 84
1.0 49968 593 938 84
1.0 49912 594 939 84
2.0 49912 594 940 84
2.0 49880 595 941 84
1.0 49848 596 942 84
1.0 49848 596 943 84
1.0 49848 597 944 83
2.0 49832 598 945 83
1.0 49888 599 946 83
2.0 49888 599 947 83
2.0 49888 600 948 83
1.0 49880 601 949 83
1.0 49840 602 950 83
1.0 49792 603 951 83
1.0 49728 604 952 82
1.0 49816 605 953 82
1.0 49792 606 954 82
1.0 49776 607 955 82
1.0 49760 608 956 82
2.0 49760 608 957 82
1.0 49672 609 958 82
2.0 49752 610 959 82
2.0 49728 611 960 81
0.0 49640 612 961 81
1.0 49640 612 962 81
1.0 49608 613 963 81
2.0 49608 613 964 81
2.0 49576 614 965 81
1.0 49624 615 966 81
1.0 49664 616 967 81
2.0 49592 617 968 80
2.0 49592 617 969 80
1.0 49592 617 970 80
1.0 49680 618 971 80
2.0 49728 619 972 80
2.0 49728 619 973 80
2.0 49816 620 974 80
2.0 49880 621 975 80
2.0 49880 621 976 80
1.0 49920 622 977 80
3.0 49952 623 978 80
3.0 49936 624 979 80
1.0 50024 625 980 80
1.0 50008 626 981 80
2.0 50008 627 982 80
1.0 50040 628 983 80
1.0 50032 629 984 80
2.0 50032 629 985 80
2.0 50096 630 986 80
1.0 50096 630 987 80
1.0 50128 631 988 79
2.0 50112 632 989 79
2.0 50184 633 990 79
2.0 50224 634 991 79
2.0 50256 635 992 79
1.0 50392 636 993 79
2.0 50392 637 994 79
2.0 50352 638 995 79
2.0 50432 639 996 79
2.0 50408 640 997 79
1.0 50328 641 998 79
1.0 50320 642 999 78
1.0 50376 643 1000 78
2.0 50376 643 1001 78
2.0 50328 644 1002 78
2.0 50280 645 1003 78
2.0 50240 646 1004 78
1.0 50120 647 1005 77
1.0 50000 648 1006 77
1.0 50048 649 1007 77
2.0 50080 650 1008 77
1.0 50032 651 1009 77
2.0 50064 652 1010 77
1.0 50048 653 1011 77
1.0 50048 653 1012 77
3.0 50032 654 1013 77
2.0 50032 654 1014 77
1.0 49968 654 1015 76
1.0 49968 654 1016 76
1.0 49904 655 1017 76
1.0 49904 655 1018 76
0.0 49976 656 1019 76
1.0 50008 657 1020 76
1.0 50136 658 1021 76
1.0 50136 658 1022 76
1.0 50136 659 1023 76
0.0 50184 660 1024 76
1.0 50104 661 1025 76
1.0 50224 662 1026 76
1.0 50272 663 1027 76
0.0 50184 664 1028 76
1.0 50184 664 1029 76
1.0 50184 664 1030 76
2.0 50224 665 1031 76
1.0 50352 666 1032 76
2.0 50288 666 1033 76
1.0 50368 667 1034 76
2.0 50432 668 1035 75
2.0 50464 669 1036 75
1.0 50544 670 1037 75
2.0 50512 671 1038 75
1.0 50432 672 1039 75
2.0 50432 672 1040 75
2.0 50312 673 1041 75
2.0 50400 674 1042 75
1.0 50384 674 1043 75
2.0 50304 674 1044 75
2.0 50136 673 1045 74
2.0 50112 673 1046 74
2.0 50112 673 1047 74
5.0 50000 673 1048 74
3.0 49960 673 1049 74
